2016-11-22 09:43:31.390 b.s.u.Utils [INFO] Using defaults.yaml from resources
2016-11-22 09:43:31.443 b.s.u.Utils [INFO] Using storm.yaml from resources
2016-11-22 09:43:42.196 o.a.s.s.o.a.z.ZooKeeper [INFO] Client environment:zookeeper.version=3.4.6-1569965, built on 02/20/2014 09:09 GMT
2016-11-22 09:43:42.196 o.a.s.s.o.a.z.ZooKeeper [INFO] Client environment:host.name=192.168.1.3
2016-11-22 09:43:42.196 o.a.s.s.o.a.z.ZooKeeper [INFO] Client environment:java.version=1.8.0_60
2016-11-22 09:43:42.196 o.a.s.s.o.a.z.ZooKeeper [INFO] Client environment:java.vendor=Oracle Corporation
2016-11-22 09:43:42.196 o.a.s.s.o.a.z.ZooKeeper [INFO] Client environment:java.home=/Library/Java/JavaVirtualMachines/jdk1.8.0_60.jdk/Contents/Home/jre
2016-11-22 09:43:42.197 o.a.s.s.o.a.z.ZooKeeper [INFO] Client environment:java.class.path=/Users/Jiho/Desktop/enc-streaming-benchmarks/streaming-benchmarks/apache-storm-0.10.0/lib/asm-4.0.jar:/Users/Jiho/Desktop/enc-streaming-benchmarks/streaming-benchmarks/apache-storm-0.10.0/lib/clojure-1.6.0.jar:/Users/Jiho/Desktop/enc-streaming-benchmarks/streaming-benchmarks/apache-storm-0.10.0/lib/disruptor-2.10.4.jar:/Users/Jiho/Desktop/enc-streaming-benchmarks/streaming-benchmarks/apache-storm-0.10.0/lib/hadoop-auth-2.4.0.jar:/Users/Jiho/Desktop/enc-streaming-benchmarks/streaming-benchmarks/apache-storm-0.10.0/lib/kryo-2.21.jar:/Users/Jiho/Desktop/enc-streaming-benchmarks/streaming-benchmarks/apache-storm-0.10.0/lib/log4j-api-2.1.jar:/Users/Jiho/Desktop/enc-streaming-benchmarks/streaming-benchmarks/apache-storm-0.10.0/lib/log4j-core-2.1.jar:/Users/Jiho/Desktop/enc-streaming-benchmarks/streaming-benchmarks/apache-storm-0.10.0/lib/log4j-over-slf4j-1.6.6.jar:/Users/Jiho/Desktop/enc-streaming-benchmarks/streaming-benchmarks/apache-storm-0.10.0/lib/log4j-slf4j-impl-2.1.jar:/Users/Jiho/Desktop/enc-streaming-benchmarks/streaming-benchmarks/apache-storm-0.10.0/lib/minlog-1.2.jar:/Users/Jiho/Desktop/enc-streaming-benchmarks/streaming-benchmarks/apache-storm-0.10.0/lib/reflectasm-1.07-shaded.jar:/Users/Jiho/Desktop/enc-streaming-benchmarks/streaming-benchmarks/apache-storm-0.10.0/lib/servlet-api-2.5.jar:/Users/Jiho/Desktop/enc-streaming-benchmarks/streaming-benchmarks/apache-storm-0.10.0/lib/slf4j-api-1.7.7.jar:/Users/Jiho/Desktop/enc-streaming-benchmarks/streaming-benchmarks/apache-storm-0.10.0/lib/storm-core-0.10.0.jar:/Users/Jiho/Desktop/enc-streaming-benchmarks/streaming-benchmarks/apache-storm-0.10.0/conf
2016-11-22 09:43:42.197 o.a.s.s.o.a.z.ZooKeeper [INFO] Client environment:java.library.path=/usr/local/lib:/opt/local/lib:/usr/lib
2016-11-22 09:43:42.197 o.a.s.s.o.a.z.ZooKeeper [INFO] Client environment:java.io.tmpdir=/var/folders/n2/0qh2lk9s3h1ft0qlqt07ddxc0000gn/T/
2016-11-22 09:43:42.197 o.a.s.s.o.a.z.ZooKeeper [INFO] Client environment:java.compiler=<NA>
2016-11-22 09:43:42.197 o.a.s.s.o.a.z.ZooKeeper [INFO] Client environment:os.name=Mac OS X
2016-11-22 09:43:42.197 o.a.s.s.o.a.z.ZooKeeper [INFO] Client environment:os.arch=x86_64
2016-11-22 09:43:42.198 o.a.s.s.o.a.z.ZooKeeper [INFO] Client environment:os.version=10.12.1
2016-11-22 09:43:42.198 o.a.s.s.o.a.z.ZooKeeper [INFO] Client environment:user.name=Jiho
2016-11-22 09:43:42.198 o.a.s.s.o.a.z.ZooKeeper [INFO] Client environment:user.home=/Users/Jiho
2016-11-22 09:43:42.198 o.a.s.s.o.a.z.ZooKeeper [INFO] Client environment:user.dir=/Users/Jiho/Desktop/enc-streaming-benchmarks/streaming-benchmarks
2016-11-22 09:43:47.211 o.a.s.s.o.a.z.s.ZooKeeperServer [INFO] Server environment:zookeeper.version=3.4.6-1569965, built on 02/20/2014 09:09 GMT
2016-11-22 09:43:47.212 o.a.s.s.o.a.z.s.ZooKeeperServer [INFO] Server environment:host.name=192.168.1.3
2016-11-22 09:43:47.212 o.a.s.s.o.a.z.s.ZooKeeperServer [INFO] Server environment:java.version=1.8.0_60
2016-11-22 09:43:47.215 o.a.s.s.o.a.z.s.ZooKeeperServer [INFO] Server environment:java.vendor=Oracle Corporation
2016-11-22 09:43:47.216 o.a.s.s.o.a.z.s.ZooKeeperServer [INFO] Server environment:java.home=/Library/Java/JavaVirtualMachines/jdk1.8.0_60.jdk/Contents/Home/jre
2016-11-22 09:43:47.216 o.a.s.s.o.a.z.s.ZooKeeperServer [INFO] Server environment:java.class.path=/Users/Jiho/Desktop/enc-streaming-benchmarks/streaming-benchmarks/apache-storm-0.10.0/lib/asm-4.0.jar:/Users/Jiho/Desktop/enc-streaming-benchmarks/streaming-benchmarks/apache-storm-0.10.0/lib/clojure-1.6.0.jar:/Users/Jiho/Desktop/enc-streaming-benchmarks/streaming-benchmarks/apache-storm-0.10.0/lib/disruptor-2.10.4.jar:/Users/Jiho/Desktop/enc-streaming-benchmarks/streaming-benchmarks/apache-storm-0.10.0/lib/hadoop-auth-2.4.0.jar:/Users/Jiho/Desktop/enc-streaming-benchmarks/streaming-benchmarks/apache-storm-0.10.0/lib/kryo-2.21.jar:/Users/Jiho/Desktop/enc-streaming-benchmarks/streaming-benchmarks/apache-storm-0.10.0/lib/log4j-api-2.1.jar:/Users/Jiho/Desktop/enc-streaming-benchmarks/streaming-benchmarks/apache-storm-0.10.0/lib/log4j-core-2.1.jar:/Users/Jiho/Desktop/enc-streaming-benchmarks/streaming-benchmarks/apache-storm-0.10.0/lib/log4j-over-slf4j-1.6.6.jar:/Users/Jiho/Desktop/enc-streaming-benchmarks/streaming-benchmarks/apache-storm-0.10.0/lib/log4j-slf4j-impl-2.1.jar:/Users/Jiho/Desktop/enc-streaming-benchmarks/streaming-benchmarks/apache-storm-0.10.0/lib/minlog-1.2.jar:/Users/Jiho/Desktop/enc-streaming-benchmarks/streaming-benchmarks/apache-storm-0.10.0/lib/reflectasm-1.07-shaded.jar:/Users/Jiho/Desktop/enc-streaming-benchmarks/streaming-benchmarks/apache-storm-0.10.0/lib/servlet-api-2.5.jar:/Users/Jiho/Desktop/enc-streaming-benchmarks/streaming-benchmarks/apache-storm-0.10.0/lib/slf4j-api-1.7.7.jar:/Users/Jiho/Desktop/enc-streaming-benchmarks/streaming-benchmarks/apache-storm-0.10.0/lib/storm-core-0.10.0.jar:/Users/Jiho/Desktop/enc-streaming-benchmarks/streaming-benchmarks/apache-storm-0.10.0/conf
2016-11-22 09:43:47.216 o.a.s.s.o.a.z.s.ZooKeeperServer [INFO] Server environment:java.library.path=/usr/local/lib:/opt/local/lib:/usr/lib
2016-11-22 09:43:47.216 o.a.s.s.o.a.z.s.ZooKeeperServer [INFO] Server environment:java.io.tmpdir=/var/folders/n2/0qh2lk9s3h1ft0qlqt07ddxc0000gn/T/
2016-11-22 09:43:47.216 o.a.s.s.o.a.z.s.ZooKeeperServer [INFO] Server environment:java.compiler=<NA>
2016-11-22 09:43:47.216 o.a.s.s.o.a.z.s.ZooKeeperServer [INFO] Server environment:os.name=Mac OS X
2016-11-22 09:43:47.216 o.a.s.s.o.a.z.s.ZooKeeperServer [INFO] Server environment:os.arch=x86_64
2016-11-22 09:43:47.216 o.a.s.s.o.a.z.s.ZooKeeperServer [INFO] Server environment:os.version=10.12.1
2016-11-22 09:43:47.217 o.a.s.s.o.a.z.s.ZooKeeperServer [INFO] Server environment:user.name=Jiho
2016-11-22 09:43:47.217 o.a.s.s.o.a.z.s.ZooKeeperServer [INFO] Server environment:user.home=/Users/Jiho
2016-11-22 09:43:47.217 o.a.s.s.o.a.z.s.ZooKeeperServer [INFO] Server environment:user.dir=/Users/Jiho/Desktop/enc-streaming-benchmarks/streaming-benchmarks
2016-11-22 09:43:47.291 b.s.u.Utils [INFO] Using defaults.yaml from resources
2016-11-22 09:43:47.298 b.s.u.Utils [INFO] Using storm.yaml from resources
2016-11-22 09:43:47.323 b.s.d.nimbus [INFO] Starting Nimbus with conf {"topology.builtin.metrics.bucket.size.secs" 60, "nimbus.childopts" "-Xmx1024m", "ui.filter.params" nil, "storm.cluster.mode" "distributed", "storm.messaging.netty.client_worker_threads" 1, "supervisor.run.worker.as.user" false, "topology.max.task.parallelism" nil, "zmq.threads" 1, "storm.group.mapping.service" "backtype.storm.security.auth.ShellBasedGroupsMapping", "transactional.zookeeper.root" "/transactional", "topology.sleep.spout.wait.strategy.time.ms" 1, "drpc.invocations.port" 3773, "topology.multilang.serializer" "backtype.storm.multilang.JsonSerializer", "storm.messaging.netty.server_worker_threads" 1, "topology.max.error.report.per.interval" 5, "storm.thrift.transport" "backtype.storm.security.auth.SimpleTransportPlugin", "zmq.hwm" 0, "storm.principal.tolocal" "backtype.storm.security.auth.DefaultPrincipalToLocal", "supervisor.worker.shutdown.sleep.secs" 1, "storm.zookeeper.retry.times" 5, "ui.actions.enabled" true, "zmq.linger.millis" 5000, "supervisor.enable" true, "topology.stats.sample.rate" 0.05, "storm.messaging.netty.min_wait_ms" 100, "storm.zookeeper.port" 2181, "supervisor.heartbeat.frequency.secs" 5, "topology.enable.message.timeouts" true, "drpc.worker.threads" 64, "drpc.queue.size" 128, "drpc.https.keystore.password" "", "logviewer.port" 8000, "nimbus.reassign" true, "topology.executor.send.buffer.size" 1024, "topology.spout.wait.strategy" "backtype.storm.spout.SleepSpoutWaitStrategy", "ui.host" "0.0.0.0", "storm.nimbus.retry.interval.millis" 2000, "nimbus.inbox.jar.expiration.secs" 3600, "dev.zookeeper.path" "/tmp/dev-storm-zookeeper", "topology.acker.executors" nil, "topology.fall.back.on.java.serialization" true, "storm.zookeeper.servers" ["localhost"], "nimbus.thrift.threads" 64, "logviewer.cleanup.age.mins" 10080, "topology.worker.childopts" nil, "topology.classpath" nil, "supervisor.monitor.frequency.secs" 3, "nimbus.credential.renewers.freq.secs" 600, "topology.skip.missing.kryo.registrations" false, "drpc.authorizer.acl.filename" "drpc-auth-acl.yaml", "storm.group.mapping.service.cache.duration.secs" 120, "topology.testing.always.try.serialize" false, "nimbus.monitor.freq.secs" 10, "supervisor.supervisors" [], "topology.tasks" nil, "topology.bolts.outgoing.overflow.buffer.enable" false, "storm.messaging.netty.socket.backlog" 500, "topology.workers" 1, "storm.local.dir" "storm-local", "worker.childopts" "-Xmx768m", "storm.auth.simple-white-list.users" [], "topology.message.timeout.secs" 30, "topology.state.synchronization.timeout.secs" 60, "topology.tuple.serializer" "backtype.storm.serialization.types.ListDelegateSerializer", "supervisor.supervisors.commands" [], "logviewer.childopts" "-Xmx128m", "topology.environment" nil, "topology.debug" false, "storm.messaging.netty.max_retries" 300, "ui.childopts" "-Xmx768m", "storm.zookeeper.session.timeout" 20000, "drpc.childopts" "-Xmx768m", "drpc.http.creds.plugin" "backtype.storm.security.auth.DefaultHttpCredentialsPlugin", "storm.zookeeper.connection.timeout" 15000, "storm.zookeeper.auth.user" nil, "storm.meta.serialization.delegate" "backtype.storm.serialization.GzipThriftSerializationDelegate", "topology.max.spout.pending" nil, "nimbus.supervisor.timeout.secs" 60, "nimbus.task.timeout.secs" 30, "drpc.port" 3772, "storm.zookeeper.retry.intervalceiling.millis" 30000, "nimbus.thrift.port" 6627, "storm.auth.simple-acl.admins" [], "storm.nimbus.retry.times" 5, "supervisor.worker.start.timeout.secs" 120, "storm.zookeeper.retry.interval" 1000, "logs.users" nil, "transactional.zookeeper.port" nil, "drpc.max_buffer_size" 1048576, "task.credentials.poll.secs" 30, "drpc.https.keystore.type" "JKS", "topology.worker.receiver.thread.count" 1, "supervisor.slots.ports" [6700 6701 6702 6703], "topology.transfer.buffer.size" 1024, "topology.worker.shared.thread.pool.size" 4, "drpc.authorizer.acl.strict" false, "nimbus.file.copy.expiration.secs" 600, "topology.executor.receive.buffer.size" 1024, "nimbus.task.launch.secs" 120, "storm.local.mode.zmq" false, "storm.messaging.netty.buffer_size" 5242880, "worker.heartbeat.frequency.secs" 1, "ui.http.creds.plugin" "backtype.storm.security.auth.DefaultHttpCredentialsPlugin", "storm.zookeeper.root" "/storm", "topology.tick.tuple.freq.secs" nil, "drpc.https.port" -1, "task.refresh.poll.secs" 10, "task.heartbeat.frequency.secs" 3, "storm.messaging.netty.max_wait_ms" 1000, "nimbus.impersonation.authorizer" "backtype.storm.security.auth.authorizer.ImpersonationAuthorizer", "drpc.http.port" 3774, "topology.error.throttle.interval.secs" 10, "storm.messaging.transport" "backtype.storm.messaging.netty.Context", "storm.messaging.netty.authentication" false, "topology.kryo.factory" "backtype.storm.serialization.DefaultKryoFactory", "worker.gc.childopts" "", "nimbus.topology.validator" "backtype.storm.nimbus.DefaultTopologyValidator", "nimbus.cleanup.inbox.freq.secs" 600, "ui.users" nil, "transactional.zookeeper.servers" nil, "supervisor.worker.timeout.secs" 30, "storm.zookeeper.auth.password" nil, "supervisor.childopts" "-Xmx256m", "ui.filter" nil, "ui.header.buffer.bytes" 4096, "topology.disruptor.wait.timeout.millis" 1000, "storm.nimbus.retry.intervalceiling.millis" 60000, "topology.trident.batch.emit.interval.millis" 500, "topology.disruptor.wait.strategy" "com.lmax.disruptor.BlockingWaitStrategy", "storm.auth.simple-acl.users" [], "drpc.invocations.threads" 64, "java.library.path" "/usr/local/lib:/opt/local/lib:/usr/lib", "ui.port" 8080, "storm.messaging.netty.transfer.batch.size" 262144, "logviewer.appender.name" "A1", "nimbus.thrift.max_buffer_size" 1048576, "nimbus.host" "localhost", "storm.auth.simple-acl.users.commands" [], "drpc.request.timeout.secs" 600}
2016-11-22 09:43:47.323 b.s.d.nimbus [INFO] Using default scheduler
2016-11-22 09:43:47.334 b.s.u.StormBoundedExponentialBackoffRetry [INFO] The baseSleepTimeMs [1000] the maxSleepTimeMs [30000] the maxRetries [5]
2016-11-22 09:43:47.366 o.a.s.s.o.a.c.f.i.CuratorFrameworkImpl [INFO] Starting
2016-11-22 09:43:47.368 o.a.s.s.o.a.z.ZooKeeper [INFO] Initiating client connection, connectString=localhost:2181 sessionTimeout=20000 watcher=org.apache.storm.shade.org.apache.curator.ConnectionState@486bc9a4
2016-11-22 09:43:47.380 o.a.s.s.o.a.z.ClientCnxn [INFO] Opening socket connection to server localhost/127.0.0.1:2181. Will not attempt to authenticate using SASL (unknown error)
2016-11-22 09:43:47.431 o.a.s.s.o.a.z.ClientCnxn [INFO] Socket connection established to localhost/127.0.0.1:2181, initiating session
2016-11-22 09:43:47.439 o.a.s.s.o.a.z.ClientCnxn [INFO] Session establishment complete on server localhost/127.0.0.1:2181, sessionid = 0x1588c7b66eb0003, negotiated timeout = 20000
2016-11-22 09:43:47.440 o.a.s.s.o.a.c.f.s.ConnectionStateManager [INFO] State change: CONNECTED
2016-11-22 09:43:47.442 b.s.zookeeper [INFO] Zookeeper state update: :connected:none
2016-11-22 09:43:48.468 o.a.s.s.o.a.z.ZooKeeper [INFO] Session: 0x1588c7b66eb0003 closed
2016-11-22 09:43:48.468 o.a.s.s.o.a.z.ClientCnxn [INFO] EventThread shut down
2016-11-22 09:43:48.470 b.s.u.StormBoundedExponentialBackoffRetry [INFO] The baseSleepTimeMs [1000] the maxSleepTimeMs [30000] the maxRetries [5]
2016-11-22 09:43:48.470 o.a.s.s.o.a.c.f.i.CuratorFrameworkImpl [INFO] Starting
2016-11-22 09:43:48.471 o.a.s.s.o.a.z.ZooKeeper [INFO] Initiating client connection, connectString=localhost:2181/storm sessionTimeout=20000 watcher=org.apache.storm.shade.org.apache.curator.ConnectionState@6fd5717c
2016-11-22 09:43:48.472 o.a.s.s.o.a.z.ClientCnxn [INFO] Opening socket connection to server localhost/127.0.0.1:2181. Will not attempt to authenticate using SASL (unknown error)
2016-11-22 09:43:48.473 o.a.s.s.o.a.z.ClientCnxn [INFO] Socket connection established to localhost/127.0.0.1:2181, initiating session
2016-11-22 09:43:48.474 o.a.s.s.o.a.z.ClientCnxn [INFO] Session establishment complete on server localhost/127.0.0.1:2181, sessionid = 0x1588c7b66eb0004, negotiated timeout = 20000
2016-11-22 09:43:48.475 o.a.s.s.o.a.c.f.s.ConnectionStateManager [INFO] State change: CONNECTED
2016-11-22 09:43:48.505 b.s.d.nimbus [INFO] Starting Nimbus server...
2016-11-22 09:45:22.856 b.s.d.nimbus [INFO] [req 1] Access from:  principal: op:getClusterInfo
2016-11-22 09:45:22.874 b.s.d.nimbus [INFO] [req 2] Access from:  principal: op:fileUpload
2016-11-22 09:45:22.876 b.s.d.nimbus [INFO] Uploading file from client to /Users/Jiho/Desktop/enc-streaming-benchmarks/streaming-benchmarks/apache-storm-0.10.0/storm-local/nimbus/inbox/stormjar-91da022b-4b95-4e38-bbaa-e8f86f58b4fd.jar
2016-11-22 09:45:22.890 b.s.d.nimbus [INFO] [req 3] Access from:  principal: op:fileUpload
2016-11-22 09:45:22.894 b.s.d.nimbus [INFO] [req 4] Access from:  principal: op:fileUpload
2016-11-22 09:45:22.896 b.s.d.nimbus [INFO] [req 5] Access from:  principal: op:fileUpload
2016-11-22 09:45:22.898 b.s.d.nimbus [INFO] [req 6] Access from:  principal: op:fileUpload
2016-11-22 09:45:22.901 b.s.d.nimbus [INFO] [req 7] Access from:  principal: op:fileUpload
2016-11-22 09:45:22.903 b.s.d.nimbus [INFO] [req 8] Access from:  principal: op:fileUpload
2016-11-22 09:45:22.905 b.s.d.nimbus [INFO] [req 9] Access from:  principal: op:fileUpload
2016-11-22 09:45:22.907 b.s.d.nimbus [INFO] [req 10] Access from:  principal: op:fileUpload
2016-11-22 09:45:22.910 b.s.d.nimbus [INFO] [req 11] Access from:  principal: op:fileUpload
2016-11-22 09:45:22.912 b.s.d.nimbus [INFO] [req 12] Access from:  principal: op:fileUpload
2016-11-22 09:45:22.915 b.s.d.nimbus [INFO] [req 13] Access from:  principal: op:fileUpload
2016-11-22 09:45:22.925 b.s.d.nimbus [INFO] [req 14] Access from:  principal: op:fileUpload
2016-11-22 09:45:22.928 b.s.d.nimbus [INFO] [req 15] Access from:  principal: op:fileUpload
2016-11-22 09:45:22.932 b.s.d.nimbus [INFO] [req 16] Access from:  principal: op:fileUpload
2016-11-22 09:45:22.934 b.s.d.nimbus [INFO] [req 17] Access from:  principal: op:fileUpload
2016-11-22 09:45:22.937 b.s.d.nimbus [INFO] [req 18] Access from:  principal: op:fileUpload
2016-11-22 09:45:22.939 b.s.d.nimbus [INFO] [req 19] Access from:  principal: op:fileUpload
2016-11-22 09:45:22.941 b.s.d.nimbus [INFO] [req 20] Access from:  principal: op:fileUpload
2016-11-22 09:45:22.943 b.s.d.nimbus [INFO] [req 21] Access from:  principal: op:fileUpload
2016-11-22 09:45:22.952 b.s.d.nimbus [INFO] [req 22] Access from:  principal: op:fileUpload
2016-11-22 09:45:22.955 b.s.d.nimbus [INFO] [req 23] Access from:  principal: op:fileUpload
2016-11-22 09:45:22.958 b.s.d.nimbus [INFO] [req 24] Access from:  principal: op:fileUpload
2016-11-22 09:45:22.960 b.s.d.nimbus [INFO] [req 25] Access from:  principal: op:fileUpload
2016-11-22 09:45:22.963 b.s.d.nimbus [INFO] [req 26] Access from:  principal: op:fileUpload
2016-11-22 09:45:22.964 b.s.d.nimbus [INFO] [req 27] Access from:  principal: op:fileUpload
2016-11-22 09:45:22.966 b.s.d.nimbus [INFO] [req 28] Access from:  principal: op:fileUpload
2016-11-22 09:45:22.968 b.s.d.nimbus [INFO] [req 29] Access from:  principal: op:fileUpload
2016-11-22 09:45:22.969 b.s.d.nimbus [INFO] [req 30] Access from:  principal: op:fileUpload
2016-11-22 09:45:22.974 b.s.d.nimbus [INFO] [req 31] Access from:  principal: op:fileUpload
2016-11-22 09:45:22.976 b.s.d.nimbus [INFO] [req 32] Access from:  principal: op:fileUpload
2016-11-22 09:45:22.978 b.s.d.nimbus [INFO] [req 33] Access from:  principal: op:fileUpload
2016-11-22 09:45:22.980 b.s.d.nimbus [INFO] [req 34] Access from:  principal: op:fileUpload
2016-11-22 09:45:22.982 b.s.d.nimbus [INFO] [req 35] Access from:  principal: op:fileUpload
2016-11-22 09:45:22.983 b.s.d.nimbus [INFO] [req 36] Access from:  principal: op:fileUpload
2016-11-22 09:45:22.985 b.s.d.nimbus [INFO] [req 37] Access from:  principal: op:fileUpload
2016-11-22 09:45:22.987 b.s.d.nimbus [INFO] [req 38] Access from:  principal: op:fileUpload
2016-11-22 09:45:22.988 b.s.d.nimbus [INFO] [req 39] Access from:  principal: op:fileUpload
2016-11-22 09:45:22.990 b.s.d.nimbus [INFO] [req 40] Access from:  principal: op:fileUpload
2016-11-22 09:45:22.992 b.s.d.nimbus [INFO] [req 41] Access from:  principal: op:fileUpload
2016-11-22 09:45:22.994 b.s.d.nimbus [INFO] [req 42] Access from:  principal: op:fileUpload
2016-11-22 09:45:22.996 b.s.d.nimbus [INFO] [req 43] Access from:  principal: op:fileUpload
2016-11-22 09:45:22.998 b.s.d.nimbus [INFO] [req 44] Access from:  principal: op:fileUpload
2016-11-22 09:45:23.000 b.s.d.nimbus [INFO] [req 45] Access from:  principal: op:fileUpload
2016-11-22 09:45:23.001 b.s.d.nimbus [INFO] [req 46] Access from:  principal: op:fileUpload
2016-11-22 09:45:23.003 b.s.d.nimbus [INFO] [req 47] Access from:  principal: op:fileUpload
2016-11-22 09:45:23.005 b.s.d.nimbus [INFO] [req 48] Access from:  principal: op:fileUpload
2016-11-22 09:45:23.006 b.s.d.nimbus [INFO] [req 49] Access from:  principal: op:fileUpload
2016-11-22 09:45:23.008 b.s.d.nimbus [INFO] [req 50] Access from:  principal: op:fileUpload
2016-11-22 09:45:23.010 b.s.d.nimbus [INFO] [req 51] Access from:  principal: op:fileUpload
2016-11-22 09:45:23.011 b.s.d.nimbus [INFO] [req 52] Access from:  principal: op:fileUpload
2016-11-22 09:45:23.013 b.s.d.nimbus [INFO] [req 53] Access from:  principal: op:fileUpload
2016-11-22 09:45:23.015 b.s.d.nimbus [INFO] [req 54] Access from:  principal: op:fileUpload
2016-11-22 09:45:23.016 b.s.d.nimbus [INFO] [req 55] Access from:  principal: op:fileUpload
2016-11-22 09:45:23.018 b.s.d.nimbus [INFO] [req 56] Access from:  principal: op:fileUpload
2016-11-22 09:45:23.020 b.s.d.nimbus [INFO] [req 57] Access from:  principal: op:fileUpload
2016-11-22 09:45:23.021 b.s.d.nimbus [INFO] [req 58] Access from:  principal: op:fileUpload
2016-11-22 09:45:23.023 b.s.d.nimbus [INFO] [req 59] Access from:  principal: op:fileUpload
2016-11-22 09:45:23.025 b.s.d.nimbus [INFO] [req 60] Access from:  principal: op:fileUpload
2016-11-22 09:45:23.026 b.s.d.nimbus [INFO] [req 61] Access from:  principal: op:fileUpload
2016-11-22 09:45:23.028 b.s.d.nimbus [INFO] [req 62] Access from:  principal: op:fileUpload
2016-11-22 09:45:23.034 b.s.d.nimbus [INFO] [req 63] Access from:  principal: op:fileUpload
2016-11-22 09:45:23.038 b.s.d.nimbus [INFO] Finished uploading file from client: /Users/Jiho/Desktop/enc-streaming-benchmarks/streaming-benchmarks/apache-storm-0.10.0/storm-local/nimbus/inbox/stormjar-91da022b-4b95-4e38-bbaa-e8f86f58b4fd.jar
2016-11-22 09:45:23.051 b.s.d.nimbus [INFO] [req 64] Access from:  principal: op:submitTopology
2016-11-22 09:45:23.092 b.s.d.nimbus [INFO] Received topology submission for test-topo with conf {"topology.max.task.parallelism" nil, "topology.submitter.principal" "", "topology.acker.executors" 2, "topology.workers" 1, "storm.zookeeper.superACL" nil, "topology.users" (), "topology.submitter.user" "", "topology.kryo.register" nil, "topology.kryo.decorators" (), "storm.id" "test-topo-1-1479825923", "topology.name" "test-topo"}
2016-11-22 09:45:23.099 b.s.d.nimbus [INFO] nimbus file location:/Users/Jiho/Desktop/enc-streaming-benchmarks/streaming-benchmarks/apache-storm-0.10.0/storm-local/nimbus/stormdist/test-topo-1-1479825923
2016-11-22 09:45:23.132 b.s.d.nimbus [INFO] Activating test-topo: test-topo-1-1479825923
2016-11-22 09:45:23.169 b.s.s.EvenScheduler [INFO] Available slots: (["734d4e12-ba4c-477a-ac37-40589bc60268" 6700] ["734d4e12-ba4c-477a-ac37-40589bc60268" 6701] ["734d4e12-ba4c-477a-ac37-40589bc60268" 6702] ["734d4e12-ba4c-477a-ac37-40589bc60268" 6703])
2016-11-22 09:45:23.180 b.s.d.nimbus [INFO] Setting new assignment for topology id test-topo-1-1479825923: #backtype.storm.daemon.common.Assignment{:master-code-dir "/Users/Jiho/Desktop/enc-streaming-benchmarks/streaming-benchmarks/apache-storm-0.10.0/storm-local/nimbus/stormdist/test-topo-1-1479825923", :node->host {"734d4e12-ba4c-477a-ac37-40589bc60268" "192.168.1.3"}, :executor->node+port {[8 8] ["734d4e12-ba4c-477a-ac37-40589bc60268" 6700], [2 2] ["734d4e12-ba4c-477a-ac37-40589bc60268" 6700], [7 7] ["734d4e12-ba4c-477a-ac37-40589bc60268" 6700], [3 3] ["734d4e12-ba4c-477a-ac37-40589bc60268" 6700], [1 1] ["734d4e12-ba4c-477a-ac37-40589bc60268" 6700], [6 6] ["734d4e12-ba4c-477a-ac37-40589bc60268" 6700], [9 9] ["734d4e12-ba4c-477a-ac37-40589bc60268" 6700], [5 5] ["734d4e12-ba4c-477a-ac37-40589bc60268" 6700], [4 4] ["734d4e12-ba4c-477a-ac37-40589bc60268" 6700]}, :executor->start-time-secs {[4 4] 1479825923, [5 5] 1479825923, [9 9] 1479825923, [6 6] 1479825923, [1 1] 1479825923, [3 3] 1479825923, [7 7] 1479825923, [2 2] 1479825923, [8 8] 1479825923}}
2016-11-22 09:45:23.228 b.s.d.nimbus [INFO] [req 1] Access from:  principal: op:fileDownload
2016-11-22 09:45:23.235 b.s.d.nimbus [INFO] [req 2] Access from:  principal: op:fileDownload
2016-11-22 09:45:23.237 b.s.d.nimbus [INFO] [req 3] Access from:  principal: op:fileDownload
2016-11-22 09:45:23.238 b.s.d.nimbus [INFO] [req 4] Access from:  principal: op:fileDownload
2016-11-22 09:45:23.239 b.s.d.nimbus [INFO] [req 5] Access from:  principal: op:fileDownload
2016-11-22 09:45:23.240 b.s.d.nimbus [INFO] [req 6] Access from:  principal: op:fileDownload
2016-11-22 09:45:23.240 b.s.d.nimbus [INFO] [req 7] Access from:  principal: op:fileDownload
2016-11-22 09:45:23.241 b.s.d.nimbus [INFO] [req 8] Access from:  principal: op:fileDownload
2016-11-22 09:45:23.242 b.s.d.nimbus [INFO] [req 9] Access from:  principal: op:fileDownload
2016-11-22 09:45:23.242 b.s.d.nimbus [INFO] [req 10] Access from:  principal: op:fileDownload
2016-11-22 09:45:23.243 b.s.d.nimbus [INFO] [req 11] Access from:  principal: op:fileDownload
2016-11-22 09:45:23.243 b.s.d.nimbus [INFO] [req 12] Access from:  principal: op:fileDownload
2016-11-22 09:45:23.243 b.s.d.nimbus [INFO] [req 13] Access from:  principal: op:fileDownload
2016-11-22 09:45:23.244 b.s.d.nimbus [INFO] [req 14] Access from:  principal: op:fileDownload
2016-11-22 09:45:23.245 b.s.d.nimbus [INFO] [req 15] Access from:  principal: op:fileDownload
2016-11-22 09:45:23.246 b.s.d.nimbus [INFO] [req 16] Access from:  principal: op:fileDownload
2016-11-22 09:45:23.247 b.s.d.nimbus [INFO] [req 17] Access from:  principal: op:fileDownload
2016-11-22 09:45:23.247 b.s.d.nimbus [INFO] [req 18] Access from:  principal: op:fileDownload
2016-11-22 09:45:23.248 b.s.d.nimbus [INFO] [req 19] Access from:  principal: op:fileDownload
2016-11-22 09:45:23.248 b.s.d.nimbus [INFO] [req 20] Access from:  principal: op:fileDownload
2016-11-22 09:45:23.249 b.s.d.nimbus [INFO] [req 21] Access from:  principal: op:fileDownload
2016-11-22 09:45:23.249 b.s.d.nimbus [INFO] [req 22] Access from:  principal: op:fileDownload
2016-11-22 09:45:23.250 b.s.d.nimbus [INFO] [req 23] Access from:  principal: op:fileDownload
2016-11-22 09:45:23.250 b.s.d.nimbus [INFO] [req 24] Access from:  principal: op:fileDownload
2016-11-22 09:45:23.251 b.s.d.nimbus [INFO] [req 25] Access from:  principal: op:fileDownload
2016-11-22 09:45:23.251 b.s.d.nimbus [INFO] [req 26] Access from:  principal: op:fileDownload
2016-11-22 09:45:23.252 b.s.d.nimbus [INFO] [req 27] Access from:  principal: op:fileDownload
2016-11-22 09:45:23.252 b.s.d.nimbus [INFO] [req 28] Access from:  principal: op:fileDownload
2016-11-22 09:45:23.253 b.s.d.nimbus [INFO] [req 29] Access from:  principal: op:fileDownload
2016-11-22 09:45:23.253 b.s.d.nimbus [INFO] [req 30] Access from:  principal: op:fileDownload
2016-11-22 09:45:23.254 b.s.d.nimbus [INFO] [req 31] Access from:  principal: op:fileDownload
2016-11-22 09:45:23.254 b.s.d.nimbus [INFO] [req 32] Access from:  principal: op:fileDownload
2016-11-22 09:45:23.255 b.s.d.nimbus [INFO] [req 33] Access from:  principal: op:fileDownload
2016-11-22 09:45:23.255 b.s.d.nimbus [INFO] [req 34] Access from:  principal: op:fileDownload
2016-11-22 09:45:23.256 b.s.d.nimbus [INFO] [req 35] Access from:  principal: op:fileDownload
2016-11-22 09:45:23.256 b.s.d.nimbus [INFO] [req 36] Access from:  principal: op:fileDownload
2016-11-22 09:45:23.257 b.s.d.nimbus [INFO] [req 37] Access from:  principal: op:fileDownload
2016-11-22 09:45:23.257 b.s.d.nimbus [INFO] [req 38] Access from:  principal: op:fileDownload
2016-11-22 09:45:23.258 b.s.d.nimbus [INFO] [req 39] Access from:  principal: op:fileDownload
2016-11-22 09:45:23.258 b.s.d.nimbus [INFO] [req 40] Access from:  principal: op:fileDownload
2016-11-22 09:45:23.259 b.s.d.nimbus [INFO] [req 41] Access from:  principal: op:fileDownload
2016-11-22 09:45:23.259 b.s.d.nimbus [INFO] [req 42] Access from:  principal: op:fileDownload
2016-11-22 09:45:23.260 b.s.d.nimbus [INFO] [req 43] Access from:  principal: op:fileDownload
2016-11-22 09:45:23.260 b.s.d.nimbus [INFO] [req 44] Access from:  principal: op:fileDownload
2016-11-22 09:45:23.260 b.s.d.nimbus [INFO] [req 45] Access from:  principal: op:fileDownload
2016-11-22 09:45:23.261 b.s.d.nimbus [INFO] [req 46] Access from:  principal: op:fileDownload
2016-11-22 09:45:23.261 b.s.d.nimbus [INFO] [req 47] Access from:  principal: op:fileDownload
2016-11-22 09:45:23.262 b.s.d.nimbus [INFO] [req 48] Access from:  principal: op:fileDownload
2016-11-22 09:45:23.262 b.s.d.nimbus [INFO] [req 49] Access from:  principal: op:fileDownload
2016-11-22 09:45:23.263 b.s.d.nimbus [INFO] [req 50] Access from:  principal: op:fileDownload
2016-11-22 09:45:23.263 b.s.d.nimbus [INFO] [req 51] Access from:  principal: op:fileDownload
2016-11-22 09:45:23.264 b.s.d.nimbus [INFO] [req 52] Access from:  principal: op:fileDownload
2016-11-22 09:45:23.264 b.s.d.nimbus [INFO] [req 53] Access from:  principal: op:fileDownload
2016-11-22 09:45:23.265 b.s.d.nimbus [INFO] [req 54] Access from:  principal: op:fileDownload
2016-11-22 09:45:23.265 b.s.d.nimbus [INFO] [req 55] Access from:  principal: op:fileDownload
2016-11-22 09:45:23.266 b.s.d.nimbus [INFO] [req 56] Access from:  principal: op:fileDownload
2016-11-22 09:45:23.266 b.s.d.nimbus [INFO] [req 57] Access from:  principal: op:fileDownload
2016-11-22 09:45:23.266 b.s.d.nimbus [INFO] [req 58] Access from:  principal: op:fileDownload
2016-11-22 09:45:23.267 b.s.d.nimbus [INFO] [req 59] Access from:  principal: op:fileDownload
2016-11-22 09:45:23.267 b.s.d.nimbus [INFO] [req 60] Access from:  principal: op:fileDownload
2016-11-22 09:45:23.268 b.s.d.nimbus [INFO] [req 61] Access from:  principal: op:fileDownload
2016-11-22 09:45:23.268 b.s.d.nimbus [INFO] [req 62] Access from:  principal: op:fileDownload
2016-11-22 09:45:23.269 b.s.d.nimbus [INFO] [req 63] Access from:  principal: op:fileDownload
2016-11-22 09:45:23.269 b.s.d.nimbus [INFO] [req 64] Access from:  principal: op:fileDownload
2016-11-22 09:45:23.269 b.s.d.nimbus [INFO] [req 1] Access from:  principal: op:fileDownload
2016-11-22 09:45:23.270 b.s.d.nimbus [INFO] [req 2] Access from:  principal: op:fileDownload
2016-11-22 09:45:23.270 b.s.d.nimbus [INFO] [req 3] Access from:  principal: op:fileDownload
2016-11-22 09:45:23.271 b.s.d.nimbus [INFO] [req 4] Access from:  principal: op:fileDownload
2016-11-22 09:45:23.271 b.s.d.nimbus [INFO] [req 5] Access from:  principal: op:fileDownload
2016-11-22 09:45:23.271 b.s.d.nimbus [INFO] [req 6] Access from:  principal: op:fileDownload
2016-11-22 09:45:23.272 b.s.d.nimbus [INFO] [req 7] Access from:  principal: op:fileDownload
2016-11-22 09:45:23.272 b.s.d.nimbus [INFO] [req 8] Access from:  principal: op:fileDownload
2016-11-22 09:45:23.272 b.s.d.nimbus [INFO] [req 9] Access from:  principal: op:fileDownload
2016-11-22 09:45:23.273 b.s.d.nimbus [INFO] [req 10] Access from:  principal: op:fileDownload
2016-11-22 09:45:23.273 b.s.d.nimbus [INFO] [req 11] Access from:  principal: op:fileDownload
2016-11-22 09:45:23.273 b.s.d.nimbus [INFO] [req 12] Access from:  principal: op:fileDownload
2016-11-22 09:45:23.274 b.s.d.nimbus [INFO] [req 13] Access from:  principal: op:fileDownload
2016-11-22 09:45:23.274 b.s.d.nimbus [INFO] [req 14] Access from:  principal: op:fileDownload
2016-11-22 09:45:23.274 b.s.d.nimbus [INFO] [req 15] Access from:  principal: op:fileDownload
2016-11-22 09:45:23.275 b.s.d.nimbus [INFO] [req 16] Access from:  principal: op:fileDownload
2016-11-22 09:45:23.275 b.s.d.nimbus [INFO] [req 17] Access from:  principal: op:fileDownload
2016-11-22 09:45:23.275 b.s.d.nimbus [INFO] [req 18] Access from:  principal: op:fileDownload
2016-11-22 09:45:23.276 b.s.d.nimbus [INFO] [req 19] Access from:  principal: op:fileDownload
2016-11-22 09:45:23.276 b.s.d.nimbus [INFO] [req 20] Access from:  principal: op:fileDownload
2016-11-22 09:45:23.276 b.s.d.nimbus [INFO] [req 21] Access from:  principal: op:fileDownload
2016-11-22 09:45:23.277 b.s.d.nimbus [INFO] [req 22] Access from:  principal: op:fileDownload
2016-11-22 09:45:23.277 b.s.d.nimbus [INFO] [req 23] Access from:  principal: op:fileDownload
2016-11-22 09:45:23.277 b.s.d.nimbus [INFO] [req 24] Access from:  principal: op:fileDownload
2016-11-22 09:45:23.278 b.s.d.nimbus [INFO] [req 25] Access from:  principal: op:fileDownload
2016-11-22 09:45:23.278 b.s.d.nimbus [INFO] [req 26] Access from:  principal: op:fileDownload
2016-11-22 09:45:23.278 b.s.d.nimbus [INFO] [req 27] Access from:  principal: op:fileDownload
2016-11-22 09:45:23.279 b.s.d.nimbus [INFO] [req 28] Access from:  principal: op:fileDownload
2016-11-22 09:45:23.279 b.s.d.nimbus [INFO] [req 29] Access from:  principal: op:fileDownload
2016-11-22 09:45:23.279 b.s.d.nimbus [INFO] [req 30] Access from:  principal: op:fileDownload
2016-11-22 09:45:23.280 b.s.d.nimbus [INFO] [req 31] Access from:  principal: op:fileDownload
2016-11-22 09:45:23.280 b.s.d.nimbus [INFO] [req 32] Access from:  principal: op:fileDownload
2016-11-22 09:45:23.280 b.s.d.nimbus [INFO] [req 33] Access from:  principal: op:fileDownload
2016-11-22 09:45:23.281 b.s.d.nimbus [INFO] [req 34] Access from:  principal: op:fileDownload
2016-11-22 09:45:23.281 b.s.d.nimbus [INFO] [req 35] Access from:  principal: op:fileDownload
2016-11-22 09:45:23.281 b.s.d.nimbus [INFO] [req 36] Access from:  principal: op:fileDownload
2016-11-22 09:45:23.282 b.s.d.nimbus [INFO] [req 37] Access from:  principal: op:fileDownload
2016-11-22 09:45:23.282 b.s.d.nimbus [INFO] [req 38] Access from:  principal: op:fileDownload
2016-11-22 09:45:23.282 b.s.d.nimbus [INFO] [req 39] Access from:  principal: op:fileDownload
2016-11-22 09:45:23.283 b.s.d.nimbus [INFO] [req 40] Access from:  principal: op:fileDownload
2016-11-22 09:45:23.283 b.s.d.nimbus [INFO] [req 41] Access from:  principal: op:fileDownload
2016-11-22 09:45:23.283 b.s.d.nimbus [INFO] [req 42] Access from:  principal: op:fileDownload
2016-11-22 09:45:23.284 b.s.d.nimbus [INFO] [req 43] Access from:  principal: op:fileDownload
2016-11-22 09:45:23.284 b.s.d.nimbus [INFO] [req 44] Access from:  principal: op:fileDownload
2016-11-22 09:45:23.284 b.s.d.nimbus [INFO] [req 45] Access from:  principal: op:fileDownload
2016-11-22 09:45:23.285 b.s.d.nimbus [INFO] [req 46] Access from:  principal: op:fileDownload
2016-11-22 09:45:23.285 b.s.d.nimbus [INFO] [req 47] Access from:  principal: op:fileDownload
2016-11-22 09:45:23.285 b.s.d.nimbus [INFO] [req 48] Access from:  principal: op:fileDownload
2016-11-22 09:45:23.286 b.s.d.nimbus [INFO] [req 49] Access from:  principal: op:fileDownload
2016-11-22 09:45:23.286 b.s.d.nimbus [INFO] [req 50] Access from:  principal: op:fileDownload
2016-11-22 09:45:23.286 b.s.d.nimbus [INFO] [req 51] Access from:  principal: op:fileDownload
2016-11-22 09:45:23.287 b.s.d.nimbus [INFO] [req 52] Access from:  principal: op:fileDownload
2016-11-22 09:45:23.287 b.s.d.nimbus [INFO] [req 53] Access from:  principal: op:fileDownload
2016-11-22 09:45:23.287 b.s.d.nimbus [INFO] [req 54] Access from:  principal: op:fileDownload
2016-11-22 09:45:23.288 b.s.d.nimbus [INFO] [req 55] Access from:  principal: op:fileDownload
2016-11-22 09:45:23.288 b.s.d.nimbus [INFO] [req 56] Access from:  principal: op:fileDownload
2016-11-22 09:45:23.288 b.s.d.nimbus [INFO] [req 57] Access from:  principal: op:fileDownload
2016-11-22 09:45:23.289 b.s.d.nimbus [INFO] [req 58] Access from:  principal: op:fileDownload
2016-11-22 09:45:23.289 b.s.d.nimbus [INFO] [req 59] Access from:  principal: op:fileDownload
2016-11-22 09:45:23.290 b.s.d.nimbus [INFO] [req 60] Access from:  principal: op:fileDownload
2016-11-22 09:45:23.291 b.s.d.nimbus [INFO] [req 61] Access from:  principal: op:fileDownload
2016-11-22 09:45:23.291 b.s.d.nimbus [INFO] [req 62] Access from:  principal: op:fileDownload
2016-11-22 09:45:23.293 b.s.d.nimbus [INFO] [req 63] Access from:  principal: op:fileDownload
2016-11-22 09:45:23.293 b.s.d.nimbus [INFO] [req 64] Access from:  principal: op:fileDownload
2016-11-22 09:45:23.294 b.s.d.nimbus [INFO] [req 1] Access from:  principal: op:fileDownload
2016-11-22 09:45:23.294 b.s.d.nimbus [INFO] [req 2] Access from:  principal: op:fileDownload
2016-11-22 09:45:23.295 b.s.d.nimbus [INFO] [req 3] Access from:  principal: op:fileDownload
2016-11-22 09:45:23.295 b.s.d.nimbus [INFO] [req 4] Access from:  principal: op:fileDownload
2016-11-22 09:45:23.296 b.s.d.nimbus [INFO] [req 5] Access from:  principal: op:fileDownload
2016-11-22 09:45:23.296 b.s.d.nimbus [INFO] [req 6] Access from:  principal: op:fileDownload
2016-11-22 09:45:23.296 b.s.d.nimbus [INFO] [req 7] Access from:  principal: op:fileDownload
2016-11-22 09:45:23.297 b.s.d.nimbus [INFO] [req 8] Access from:  principal: op:fileDownload
2016-11-22 09:45:23.297 b.s.d.nimbus [INFO] [req 9] Access from:  principal: op:fileDownload
2016-11-22 09:45:23.298 b.s.d.nimbus [INFO] [req 10] Access from:  principal: op:fileDownload
2016-11-22 09:45:23.302 b.s.d.nimbus [INFO] [req 11] Access from:  principal: op:fileDownload
2016-11-22 09:45:23.306 b.s.d.nimbus [INFO] [req 12] Access from:  principal: op:fileDownload
2016-11-22 09:45:23.306 b.s.d.nimbus [INFO] [req 13] Access from:  principal: op:fileDownload
2016-11-22 09:45:23.306 b.s.d.nimbus [INFO] [req 14] Access from:  principal: op:fileDownload
2016-11-22 09:45:23.307 b.s.d.nimbus [INFO] [req 15] Access from:  principal: op:fileDownload
2016-11-22 09:45:23.307 b.s.d.nimbus [INFO] [req 16] Access from:  principal: op:fileDownload
2016-11-22 09:45:23.308 b.s.d.nimbus [INFO] [req 17] Access from:  principal: op:fileDownload
2016-11-22 09:45:23.308 b.s.d.nimbus [INFO] [req 18] Access from:  principal: op:fileDownload
2016-11-22 09:45:23.308 b.s.d.nimbus [INFO] [req 19] Access from:  principal: op:fileDownload
2016-11-22 09:45:23.309 b.s.d.nimbus [INFO] [req 20] Access from:  principal: op:fileDownload
2016-11-22 09:45:23.309 b.s.d.nimbus [INFO] [req 21] Access from:  principal: op:fileDownload
2016-11-22 09:45:23.310 b.s.d.nimbus [INFO] [req 22] Access from:  principal: op:fileDownload
2016-11-22 09:45:23.310 b.s.d.nimbus [INFO] [req 23] Access from:  principal: op:fileDownload
2016-11-22 09:45:23.310 b.s.d.nimbus [INFO] [req 24] Access from:  principal: op:fileDownload
2016-11-22 09:45:23.311 b.s.d.nimbus [INFO] [req 25] Access from:  principal: op:fileDownload
2016-11-22 09:45:23.311 b.s.d.nimbus [INFO] [req 26] Access from:  principal: op:fileDownload
2016-11-22 09:45:23.312 b.s.d.nimbus [INFO] [req 27] Access from:  principal: op:fileDownload
2016-11-22 09:45:23.312 b.s.d.nimbus [INFO] [req 28] Access from:  principal: op:fileDownload
2016-11-22 09:45:23.312 b.s.d.nimbus [INFO] [req 29] Access from:  principal: op:fileDownload
2016-11-22 09:45:23.313 b.s.d.nimbus [INFO] [req 30] Access from:  principal: op:fileDownload
2016-11-22 09:45:23.314 b.s.d.nimbus [INFO] [req 31] Access from:  principal: op:fileDownload
2016-11-22 09:45:23.314 b.s.d.nimbus [INFO] [req 32] Access from:  principal: op:fileDownload
2016-11-22 09:45:23.315 b.s.d.nimbus [INFO] [req 33] Access from:  principal: op:fileDownload
2016-11-22 09:45:23.315 b.s.d.nimbus [INFO] [req 34] Access from:  principal: op:fileDownload
2016-11-22 09:45:23.316 b.s.d.nimbus [INFO] [req 35] Access from:  principal: op:fileDownload
2016-11-22 09:45:23.316 b.s.d.nimbus [INFO] [req 36] Access from:  principal: op:fileDownload
2016-11-22 09:45:23.317 b.s.d.nimbus [INFO] [req 37] Access from:  principal: op:fileDownload
2016-11-22 09:45:23.317 b.s.d.nimbus [INFO] [req 38] Access from:  principal: op:fileDownload
2016-11-22 09:45:23.318 b.s.d.nimbus [INFO] [req 39] Access from:  principal: op:fileDownload
2016-11-22 09:45:23.319 b.s.d.nimbus [INFO] [req 40] Access from:  principal: op:fileDownload
2016-11-22 09:45:23.319 b.s.d.nimbus [INFO] [req 41] Access from:  principal: op:fileDownload
2016-11-22 09:45:23.320 b.s.d.nimbus [INFO] [req 42] Access from:  principal: op:fileDownload
2016-11-22 09:45:23.320 b.s.d.nimbus [INFO] [req 43] Access from:  principal: op:fileDownload
2016-11-22 09:45:23.321 b.s.d.nimbus [INFO] [req 44] Access from:  principal: op:fileDownload
2016-11-22 09:45:23.321 b.s.d.nimbus [INFO] [req 45] Access from:  principal: op:fileDownload
2016-11-22 09:45:23.322 b.s.d.nimbus [INFO] [req 46] Access from:  principal: op:fileDownload
2016-11-22 09:45:23.322 b.s.d.nimbus [INFO] [req 47] Access from:  principal: op:fileDownload
